2 0
3 0.0853632
4 0.0445331
5 0.0233987
6 0.0133808
7 0.0082673
8 0.00543507
9 0.00375337
10 0.00269633
11 0.00200023
12 0.00152383
13 0.00118711
14 0.00094253
15 0.000760668
16 0.000622674
17 0.0005161
18 0.000432498
19 0.000366004
20 0.000312461
21 0.000268865
22 0.000233011
23 0.000203256
24 0.000178356
25 0.000157361
26 0.000139535
27 0.000124301
28 0.000111206
29 9.98871e-05
30 9.00531e-05
31 8.14684e-05
32 7.39409e-05
33 6.73126e-05
34 6.14533e-05
35 5.62547e-05
36 5.16261e-05
37 4.74916e-05
38 4.3787e-05
39 4.04579e-05
40 3.74578e-05
41 3.47471e-05
42 3.22917e-05
43 3.00623e-05
44 2.80335e-05
45 2.61831e-05
46 2.44921e-05
47 2.29436e-05
48 2.15229e-05
49 2.02171e-05
50 1.90149e-05
51 1.79061e-05
52 1.68818e-05
53 1.59342e-05
54 1.50562e-05
55 1.42416e-05
56 1.34846e-05
57 1.27804e-05
58 1.21244e-05
59 1.15125e-05
60 1.0941e-05
61 1.04068e-05
62 9.90683e-06
63 9.43835e-06
64 8.99895e-06
65 8.58641e-06
66 8.1987e-06
67 7.83399e-06
68 7.49059e-06
69 7.16697e-06
70 6.86172e-06
71 6.57357e-06
72 6.30132e-06
73 6.04391e-06
74 5.80032e-06
75 5.56965e-06
76 5.35105e-06
77 5.14375e-06
78 4.94701e-06
79 4.76018e-06
80 4.58264e-06
81 4.41382e-06
82 4.25319e-06
83 4.10026e-06
84 3.95457e-06
85 3.81571e-06
86 3.68327e-06
87 3.55689e-06
88 3.43623e-06
89 3.32096e-06
90 3.2108e-06
91 3.10545e-06
92 3.00466e-06
93 2.90818e-06
94 2.81579e-06
95 2.72727e-06
96 2.64243e-06
97 2.56107e-06
98 2.48301e-06
99 2.40809e-06
100 2.33616e-06
101 2.26707e-06
102 2.20067e-06
103 2.13684e-06
104 2.07545e-06
105 2.0164e-06
106 1.95956e-06
107 1.90484e-06
108 1.85214e-06
109 1.80136e-06
110 1.75242e-06
111 1.70524e-06
112 1.65974e-06
113 1.61585e-06
114 1.57348e-06
115 1.53259e-06
116 1.4931e-06
117 1.45495e-06
118 1.4181e-06
119 1.38248e-06
120 1.34804e-06
121 1.31473e-06
122 1.28252e-06
123 1.25134e-06
124 1.22117e-06
125 1.19197e-06
126 1.16368e-06
127 1.13629e-06
128 1.10974e-06
129 1.08402e-06
130 1.05909e-06
131 1.03491e-06
132 1.01147e-06
133 9.88725e-07
134 9.66659e-07
135 9.45246e-07
136 9.2446e-07
137 9.0428e-07
138 8.84682e-07
139 8.65647e-07
140 8.47154e-07
141 8.29183e-07
142 8.11718e-07
143 7.9474e-07
144 7.78231e-07
145 7.62177e-07
146 7.46562e-07
147 7.3137e-07
148 7.16587e-07
149 7.02201e-07
150 6.88196e-07
151 6.74562e-07
152 6.61286e-07
153 6.48355e-07
154 6.3576e-07
155 6.23489e-07
156 6.11531e-07
157 5.99877e-07
158 5.88518e-07
159 5.77443e-07
160 5.66645e-07
161 5.56114e-07
162 5.45843e-07
163 5.35823e-07
164 5.26047e-07
165 5.16507e-07
166 5.07196e-07
167 4.98108e-07
168 4.89236e-07
169 4.80573e-07
170 4.72113e-07
171 4.63851e-07
172 4.55781e-07
173 4.47896e-07
174 4.40193e-07
175 4.32665e-07
176 4.25308e-07
177 4.18116e-07
178 4.11086e-07
179 4.04213e-07
180 3.97492e-07
181 3.90919e-07
182 3.8449e-07
183 3.78202e-07
184 3.7205e-07
185 3.6603e-07
186 3.6014e-07
187 3.54375e-07
188 3.48733e-07
189 3.4321e-07
190 3.37803e-07
191 3.32509e-07
192 3.27325e-07
193 3.22248e-07
194 3.17276e-07
195 3.12405e-07
196 3.07634e-07
197 3.02959e-07
198 2.98379e-07
199 2.9389e-07
200 2.89491e-07
201 2.85179e-07
202 2.80953e-07
203 2.7681e-07
204 2.72747e-07
205 2.68764e-07
206 2.64858e-07
207 2.61027e-07
208 2.5727e-07
209 2.53585e-07
210 2.49969e-07
211 2.46423e-07
212 2.42942e-07
213 2.39527e-07
214 2.36176e-07
215 2.32887e-07
216 2.29659e-07
217 2.2649e-07
218 2.23379e-07
219 2.20325e-07
220 2.17327e-07
221 2.14382e-07
222 2.11491e-07
223 2.08651e-07
224 2.05862e-07
225 2.03122e-07
226 2.00431e-07
227 1.97787e-07
228 1.95189e-07
229 1.92637e-07
230 1.90129e-07
231 1.87664e-07
232 1.85242e-07
233 1.82861e-07
234 1.80521e-07
235 1.7822e-07
236 1.75959e-07
237 1.73736e-07
238 1.7155e-07
239 1.694e-07
240 1.67286e-07
241 1.65207e-07
242 1.63163e-07
243 1.61152e-07
244 1.59174e-07
245 1.57228e-07
246 1.55314e-07
247 1.53431e-07
248 1.51578e-07
249 1.49755e-07
250 1.47961e-07
251 1.46196e-07
252 1.44458e-07
253 1.42748e-07
254 1.41065e-07
255 1.39408e-07
256 1.37777e-07
257 1.36171e-07
258 1.34591e-07
259 1.33034e-07
260 1.31502e-07
261 1.29993e-07
262 1.28506e-07
263 1.27043e-07
264 1.25602e-07
265 1.24182e-07
266 1.22784e-07
267 1.21406e-07
268 1.20049e-07
269 1.18713e-07
270 1.17396e-07
271 1.16098e-07
272 1.1482e-07
273 1.1356e-07
274 1.12318e-07
275 1.11095e-07
276 1.09889e-07
277 1.08701e-07
278 1.0753e-07
279 1.06375e-07
280 1.05237e-07
281 1.04115e-07
282 1.03009e-07
283 1.01919e-07
284 1.00844e-07
285 9.9784e-08
286 9.87388e-08
287 9.77083e-08
288 9.66919e-08
289 9.56897e-08
290 9.47012e-08
291 9.37263e-08
292 9.27648e-08
293 9.18163e-08
294 9.08807e-08
295 8.99579e-08
296 8.90475e-08
297 8.81492e-08
298 8.72631e-08
299 8.63887e-08
300 8.55261e-08
301 8.46748e-08
302 8.38349e-08
303 8.3006e-08
304 8.2188e-08
305 8.13807e-08
306 8.0584e-08
307 7.97975e-08
308 7.90214e-08
309 7.82552e-08
310 7.74989e-08
311 7.67524e-08
312 7.60153e-08
313 7.52877e-08
314 7.45694e-08
315 7.38602e-08
316 7.31599e-08
317 7.24685e-08
318 7.17857e-08
319 7.11115e-08
320 7.04457e-08
321 6.97882e-08
322 6.91388e-08
323 6.84976e-08
324 6.78641e-08
325 6.72385e-08
326 6.66205e-08
327 6.60101e-08
328 6.54071e-08
329 6.48115e-08
330 6.4223e-08
331 6.36417e-08
332 6.30673e-08
333 6.24999e-08
334 6.19392e-08
335 6.13853e-08
336 6.08379e-08
337 6.02969e-08
338 5.97624e-08
339 5.92342e-08
340 5.87122e-08
341 5.81963e-08
342 5.76865e-08
343 5.71825e-08
344 5.66844e-08
345 5.61921e-08
346 5.57055e-08
347 5.52245e-08
348 5.47489e-08
349 5.42789e-08
350 5.38142e-08
351 5.33548e-08
352 5.29006e-08
353 5.24516e-08
354 5.20076e-08
355 5.15686e-08
356 5.11346e-08
357 5.07054e-08
358 5.0281e-08
359 4.98613e-08
360 4.94462e-08
361 4.90359e-08
362 4.863e-08
363 4.82285e-08
364 4.78314e-08
365 4.74388e-08
366 4.70504e-08
367 4.66662e-08
368 4.62862e-08
369 4.59104e-08
370 4.55385e-08
371 4.51707e-08
372 4.48068e-08
373 4.44469e-08
374 4.40908e-08
375 4.37384e-08
376 4.33898e-08
377 4.3045e-08
378 4.27037e-08
379 4.2366e-08
380 4.20319e-08
381 4.17014e-08
382 4.13742e-08
383 4.10505e-08
384 4.073e-08
385 4.04131e-08
386 4.00994e-08
387 3.97888e-08
388 3.94815e-08
389 3.91773e-08
390 3.88763e-08
391 3.85783e-08
392 3.82835e-08
393 3.79915e-08
394 3.77025e-08
395 3.74165e-08
396 3.71333e-08
397 3.68531e-08
398 3.65755e-08
399 3.63008e-08
400 3.60288e-08
401 3.57596e-08
402 3.5493e-08
403 3.52291e-08
404 3.49677e-08
405 3.4709e-08
406 3.44528e-08
407 3.41991e-08
408 3.39478e-08
409 3.36991e-08
410 3.34528e-08
411 3.32089e-08
412 3.29674e-08
413 3.2728e-08
414 3.24911e-08
415 3.22565e-08
416 3.20241e-08
417 3.1794e-08
418 3.15661e-08
419 3.13402e-08
420 3.11166e-08
421 3.08951e-08
422 3.06757e-08
423 3.04583e-08
424 3.0243e-08
425 3.00298e-08
426 2.98185e-08
427 2.96092e-08
428 2.94019e-08
429 2.91965e-08
430 2.8993e-08
431 2.87913e-08
432 2.85916e-08
433 2.83937e-08
434 2.81977e-08
435 2.80033e-08
436 2.78109e-08
437 2.76201e-08
438 2.74311e-08
439 2.72439e-08
440 2.70583e-08
441 2.68744e-08
442 2.66922e-08
443 2.65115e-08
444 2.63326e-08
445 2.61553e-08
446 2.59795e-08
447 2.58051e-08
448 2.56327e-08
449 2.54614e-08
450 2.52919e-08
451 2.51238e-08
452 2.49572e-08
453 2.47921e-08
454 2.46284e-08
455 2.44663e-08
456 2.43053e-08
457 2.4146e-08
458 2.39881e-08
459 2.38314e-08
460 2.3676e-08
461 2.35221e-08
462 2.33695e-08
463 2.32183e-08
464 2.30683e-08
465 2.29195e-08
466 2.27721e-08
467 2.26261e-08
468 2.24811e-08
469 2.23373e-08
470 2.2195e-08
471 2.20536e-08
472 2.19137e-08
473 2.17748e-08
474 2.16372e-08
475 2.15006e-08
476 2.13653e-08
477 2.12308e-08
478 2.10978e-08
479 2.09658e-08
480 2.08349e-08
481 2.07051e-08
482 2.05762e-08
483 2.04484e-08
484 2.03218e-08
485 2.01962e-08
486 2.00718e-08
487 1.99483e-08
488 1.98257e-08
489 1.97042e-08
490 1.95837e-08
491 1.94641e-08
492 1.93455e-08
493 1.92279e-08
494 1.91113e-08
495 1.89956e-08
496 1.88807e-08
497 1.87669e-08
498 1.8654e-08
499 1.85419e-08
500 1.84307e-08
501 1.83203e-08
502 1.8211e-08
503 1.81024e-08
504 1.79947e-08
505 1.78879e-08
506 1.7782e-08
507 1.7677e-08
508 1.75725e-08
509 1.74692e-08
510 1.73665e-08
511 1.72647e-08
512 1.71634e-08
513 1.70632e-08
514 1.69637e-08
515 1.68649e-08
516 1.6767e-08
517 1.66697e-08
518 1.65733e-08
519 1.64776e-08
520 1.63826e-08
521 1.62883e-08
522 1.61948e-08
523 1.6102e-08
524 1.60099e-08
525 1.59185e-08
526 1.58276e-08
527 1.57377e-08
528 1.56485e-08
529 1.55597e-08
530 1.54717e-08
531 1.53843e-08
532 1.52976e-08
533 1.52116e-08
534 1.51262e-08
535 1.50414e-08
536 1.49574e-08
537 1.48739e-08
538 1.47908e-08
539 1.47085e-08
540 1.46271e-08
541 1.45461e-08
542 1.44655e-08
543 1.43858e-08
544 1.43065e-08
545 1.42278e-08
546 1.41497e-08
547 1.40721e-08
548 1.39951e-08
549 1.39187e-08
550 1.38429e-08
551 1.37674e-08
552 1.36928e-08
553 1.36186e-08
554 1.35448e-08
555 1.34717e-08
556 1.33991e-08
557 1.3327e-08
558 1.32554e-08
559 1.31844e-08
560 1.31137e-08
561 1.30437e-08
562 1.2974e-08
563 1.2905e-08
564 1.28364e-08
565 1.27683e-08
566 1.27006e-08
567 1.26335e-08
568 1.25668e-08
569 1.25005e-08
570 1.24348e-08
571 1.23696e-08
572 1.23048e-08
573 1.22403e-08
574 1.21764e-08
575 1.21129e-08
576 1.20499e-08
577 1.19873e-08
578 1.19251e-08
579 1.18634e-08
580 1.18021e-08
581 1.17412e-08
582 1.16807e-08
583 1.16206e-08
584 1.15611e-08
585 1.15016e-08
586 1.14428e-08
587 1.13843e-08
588 1.13264e-08
589 1.12687e-08
590 1.12116e-08
591 1.11546e-08
592 1.10982e-08
593 1.1042e-08
594 1.09862e-08
595 1.0931e-08
596 1.0876e-08
597 1.08214e-08
598 1.07671e-08
599 1.07133e-08
600 1.06596e-08
601 1.06065e-08
602 1.05536e-08
603 1.05013e-08
604 1.04492e-08
605 1.03974e-08
606 1.03459e-08
607 1.02948e-08
608 1.02441e-08
609 1.01937e-08
610 1.01436e-08
611 1.00938e-08
612 1.00443e-08
613 9.99501e-09
614 9.94641e-09
615 9.89794e-09
616 9.84968e-09
617 9.80171e-09
618 9.75432e-09
619 9.70703e-09
620 9.66009e-09
621 9.61348e-09
622 9.56718e-09
623 9.52105e-09
624 9.47541e-09
625 9.42985e-09
626 9.38476e-09
627 9.33985e-09
628 9.29522e-09
629 9.25098e-09
630 9.20693e-09
631 9.1633e-09
632 9.11976e-09
633 9.07655e-09
634 9.03373e-09
635 8.99088e-09
636 8.94853e-09
637 8.90636e-09
638 8.86464e-09
639 8.82304e-09
640 8.78167e-09
641 8.74084e-09
642 8.69992e-09
643 8.65916e-09
644 8.61897e-09
645 8.57892e-09
646 8.53903e-09
647 8.49948e-09
648 8.46015e-09
649 8.42109e-09
650 8.38216e-09
651 8.34369e-09
652 8.30543e-09
653 8.26712e-09
654 8.22921e-09
655 8.19157e-09
656 8.15415e-09
657 8.11692e-09
658 8.08006e-09
659 8.04335e-09
660 8.0066e-09
661 7.97043e-09
662 7.93422e-09
663 7.89836e-09
664 7.86264e-09
665 7.82724e-09
666 7.79192e-09
667 7.75695e-09
668 7.72212e-09
669 7.68771e-09
670 7.65319e-09
671 7.61904e-09
672 7.58505e-09
673 7.55122e-09
674 7.51759e-09
675 7.48429e-09
676 7.45109e-09
677 7.41797e-09
678 7.38518e-09
679 7.35261e-09
680 7.3202e-09
681 7.2879e-09
682 7.25591e-09
683 7.22398e-09
684 7.19236e-09
685 7.16097e-09
686 7.12964e-09
687 7.09855e-09
688 7.0676e-09
689 7.03674e-09
690 7.00625e-09
691 6.97571e-09
692 6.94574e-09
693 6.9156e-09
694 6.88564e-09
695 6.85585e-09
696 6.82621e-09
697 6.79704e-09
698 6.76791e-09
699 6.73892e-09
700 6.70983e-09
701 6.68127e-09
702 6.6529e-09
703 6.62458e-09
704 6.596e-09
705 6.56809e-09
706 6.54006e-09
707 6.51254e-09
708 6.48481e-09
709 6.45755e-09
710 6.43018e-09
711 6.40301e-09
712 6.37621e-09
713 6.34946e-09
714 6.32261e-09
715 6.29621e-09
716 6.26988e-09
717 6.24345e-09
718 6.2176e-09
719 6.19173e-09
720 6.16587e-09
721 6.14011e-09
722 6.11484e-09
723 6.08917e-09
724 6.06414e-09
725 6.03877e-09
726 6.01401e-09
727 5.98908e-09
728 5.96457e-09
729 5.93992e-09
730 5.91581e-09
731 5.89154e-09
732 5.86739e-09
733 5.84323e-09
734 5.81946e-09
735 5.79567e-09
736 5.772e-09
737 5.74851e-09
738 5.72509e-09
739 5.70199e-09
740 5.67878e-09
741 5.65587e-09
742 5.63312e-09
743 5.61041e-09
744 5.58769e-09
745 5.56518e-09
746 5.54291e-09
747 5.52049e-09
748 5.4984e-09
749 5.4765e-09
750 5.45467e-09
751 5.43281e-09
752 5.41133e-09
753 5.38965e-09
754 5.36816e-09
755 5.34662e-09
756 5.3255e-09
757 5.30455e-09
758 5.28345e-09
759 5.26278e-09
760 5.24202e-09
761 5.22138e-09
762 5.20074e-09
763 5.18025e-09
764 5.15999e-09
765 5.13966e-09
766 5.11967e-09
767 5.09958e-09
768 5.07996e-09
769 5.05995e-09
770 5.04002e-09
771 5.02058e-09
772 5.00124e-09
773 4.9816e-09
774 4.96247e-09
775 4.94326e-09
776 4.92399e-09
777 4.90502e-09
778 4.88623e-09
779 4.86735e-09
780 4.84863e-09
781 4.83001e-09
782 4.81161e-09
783 4.79295e-09
784 4.77477e-09
785 4.75652e-09
786 4.73839e-09
787 4.72023e-09
788 4.70237e-09
789 4.68445e-09
790 4.66681e-09
791 4.64904e-09
792 4.63161e-09
793 4.61391e-09
794 4.59646e-09
795 4.57924e-09
796 4.56189e-09
797 4.54479e-09
798 4.5277e-09
799 4.51078e-09
800 4.49374e-09
801 4.47702e-09
802 4.46001e-09
803 4.44342e-09
804 4.42709e-09
805 4.41044e-09
806 4.39405e-09
807 4.37799e-09
808 4.36151e-09
809 4.34531e-09
810 4.32937e-09
811 4.31329e-09
812 4.29727e-09
813 4.28143e-09
814 4.2656e-09
815 4.25017e-09
816 4.23434e-09
817 4.21888e-09
818 4.20338e-09
819 4.18791e-09
820 4.17266e-09
821 4.1575e-09
822 4.14233e-09
823 4.12724e-09
824 4.11216e-09
825 4.09718e-09
826 4.08237e-09
827 4.06768e-09
828 4.05283e-09
829 4.0382e-09
830 4.02366e-09
831 4.00915e-09
832 3.99462e-09
833 3.98031e-09
834 3.96588e-09
835 3.95156e-09
836 3.93764e-09
837 3.92356e-09
838 3.90929e-09
839 3.89536e-09
840 3.8815e-09
841 3.86775e-09
842 3.85396e-09
843 3.84008e-09
844 3.82651e-09
845 3.81305e-09
846 3.79947e-09
847 3.78583e-09
848 3.77273e-09
849 3.75946e-09
850 3.74595e-09
851 3.73274e-09
852 3.71963e-09
853 3.70657e-09
854 3.69352e-09
855 3.68069e-09
856 3.6676e-09
857 3.65461e-09
858 3.64218e-09
859 3.62957e-09
860 3.61674e-09
861 3.60391e-09
862 3.59157e-09
863 3.57908e-09
864 3.56688e-09
865 3.5543e-09
866 3.54216e-09
867 3.52975e-09
868 3.51755e-09
869 3.50552e-09
870 3.49334e-09
871 3.48129e-09
872 3.46925e-09
873 3.45772e-09
874 3.4457e-09
875 3.43384e-09
876 3.42202e-09
877 3.4105e-09
878 3.39875e-09
879 3.3871e-09
880 3.37562e-09
881 3.36406e-09
882 3.35256e-09
883 3.34123e-09
884 3.33e-09
885 3.31863e-09
886 3.30745e-09
887 3.29609e-09
888 3.28517e-09
889 3.27376e-09
890 3.26288e-09
891 3.25218e-09
892 3.24103e-09
893 3.23051e-09
894 3.21936e-09
895 3.2086e-09
896 3.1979e-09
897 3.18714e-09
898 3.17632e-09
899 3.16584e-09
900 3.15548e-09
901 3.14519e-09
902 3.13451e-09
903 3.12412e-09
904 3.11341e-09
905 3.10297e-09
906 3.0928e-09
907 3.08285e-09
908 3.07263e-09
909 3.06239e-09
910 3.05242e-09
911 3.04242e-09
912 3.03221e-09
913 3.02227e-09
914 3.01245e-09
915 3.00303e-09
916 2.9926e-09
917 2.98308e-09
918 2.97354e-09
919 2.96347e-09
920 2.95416e-09
921 2.94428e-09
922 2.93455e-09
923 2.92544e-09
924 2.91579e-09
925 2.90606e-09
926 2.89677e-09
927 2.88687e-09
928 2.87789e-09
929 2.86904e-09
930 2.85946e-09
931 2.85007e-09
932 2.84118e-09
933 2.83199e-09
934 2.82313e-09
935 2.814e-09
936 2.80499e-09
937 2.79595e-09
938 2.78706e-09
939 2.77812e-09
940 2.76947e-09
941 2.75995e-09
942 2.75172e-09
943 2.74304e-09
944 2.73408e-09
945 2.7253e-09
946 2.71696e-09
947 2.70799e-09
948 2.69948e-09
949 2.69164e-09
950 2.68295e-09
951 2.6738e-09
952 2.66615e-09
953 2.65743e-09
954 2.64874e-09
955 2.6409e-09
956 2.63254e-09
957 2.62417e-09
958 2.61602e-09
959 2.60761e-09
960 2.59979e-09
961 2.59169e-09
962 2.5834e-09
963 2.57532e-09
964 2.56717e-09
965 2.55912e-09
966 2.55148e-09
967 2.54345e-09
968 2.53576e-09
969 2.52778e-09
970 2.5199e-09
971 2.51215e-09
972 2.50434e-09
973 2.49662e-09
974 2.48893e-09
975 2.48147e-09
976 2.47347e-09
977 2.46621e-09
978 2.45839e-09
979 2.45118e-09
980 2.44355e-09
981 2.4364e-09
982 2.42875e-09
983 2.42103e-09
984 2.41377e-09
985 2.4063e-09
986 2.39949e-09
987 2.39188e-09
988 2.38483e-09
989 2.37714e-09
990 2.37026e-09
991 2.36286e-09
992 2.35579e-09
993 2.34896e-09
994 2.34165e-09
995 2.33478e-09
996 2.32757e-09
997 2.32064e-09
998 2.31359e-09
999 2.30712e-09
1000 2.29991e-09
