2 0
3 0.096225
4 0.0931695
5 0.083666
6 0.0745356
7 0.0667395
8 0.0602265
9 0.0547785
10 0.0501848
11 0.0462736
12 0.0429107
13 0.0399925
14 0.0374387
15 0.0351866
16 0.0575433
17 0.0549394
18 0.0525455
19 0.05034
20 0.0483034
21 0.0464184
22 0.0446697
23 0.0430438
24 0.0415288
25 0.0401141
26 0.0535806
27 0.0520343
28 0.0505699
29 0.0491817
30 0.0478643
31 0.0466128
32 0.0454227
33 0.0442897
34 0.0432102
35 0.0421805
36 0.0518185
37 0.0507205
38 0.0496658
39 0.0486521
40 0.0476772
41 0.0467391
42 0.0458358
43 0.0449655
44 0.0441266
45 0.0433175
46 0.0508225
47 0.0499717
48 0.0491476
49 0.048349
50 0.0475749
51 0.0468243
52 0.0460961
53 0.0453894
54 0.0447033
55 0.044037
56 0.0501823
57 0.0494879
58 0.0488116
59 0.0481528
60 0.0475108
61 0.0468851
62 0.046275
63 0.04568
64 0.0450997
65 0.0445334
66 0.0497361
67 0.0491496
68 0.0485762
69 0.0480155
70 0.047467
71 0.0469305
72 0.0464055
73 0.0458917
74 0.0453888
75 0.0448965
76 0.0494073
77 0.0488997
78 0.048402
79 0.0479139
80 0.0474352
81 0.0469656
82 0.0465049
83 0.0460528
84 0.0456091
85 0.0451736
86 0.049155
87 0.0487076
88 0.048268
89 0.0478359
90 0.0474111
91 0.0469936
92 0.0465831
93 0.0461794
94 0.0457825
95 0.045392
96 0.0489553
97 0.0485553
98 0.0481616
99 0.0477739
100 0.0473922
