2 0
3 0.173459
4 0.191588
5 0.179785
6 0.186175
7 0.17279
8 0.176148
9 0.164724
10 0.166933
11 0.157336
12 0.158994
13 0.150834
14 0.152186
15 0.14514
16 0.146301
17 0.140132
18 0.141163
19 0.135697
20 0.136634
21 0.131739
22 0.132606
23 0.128184
24 0.128994
25 0.124969
26 0.125733
27 0.122045
28 0.122771
29 0.119372
30 0.120065
31 0.116917
32 0.117581
33 0.114653
34 0.115292
35 0.112557
36 0.113172
37 0.110609
38 0.111204
39 0.108793
40 0.10937
41 0.107097
42 0.107656
43 0.105507
44 0.10605
45 0.104013
46 0.104542
47 0.102606
48 0.103122
49 0.101279
50 0.101782
51 0.100025
52 0.100516
53 0.0988372
54 0.0993166
55 0.0977105
56 0.0981793
57 0.0966402
58 0.0970989
59 0.0956219
60 0.0960711
61 0.0946517
62 0.0950919
63 0.0937263
64 0.0941578
65 0.0928425
66 0.0932658
67 0.0919975
68 0.0924129
69 0.0911886
70 0.0915965
71 0.0904136
72 0.0908143
73 0.0896703
74 0.0900641
75 0.0889568
76 0.0893439
77 0.0882712
78 0.088652
79 0.087612
80 0.0879866
81 0.0869775
82 0.0873462
83 0.0863665
84 0.0867295
85 0.0857777
86 0.0861351
87 0.0852097
88 0.0855619
89 0.0846616
90 0.0850086
91 0.0841323
92 0.0844743
93 0.0836208
94 0.083958
95 0.0831263
96 0.0834589
97 0.0826479
98 0.0829759
99 0.0821849
100 0.0825085
